Delete from ashokleyland .mstr_owner 	where id in 
(22934	,
22946	,
22910	,
22927	,
22953	,
22954	,
22955	,
22923	,
22939	,
22941	,
22919	,
22920	,
22921	,
22963	,
22932	,
22933	,
22937	,
22911	,
22915	,
22916	,
22929	,
22935	,
22936	,
22908	,
22942	,
22928	,
22931	,
22930	,
22904	,
22943	,
22938	,
22944	,
22909	,
22940	,
22959	,
22956	,
22951	,
22957	,
22958	)



22952,
22905,
22907,
22913,
22914,
22917,
22918,
22912,
22903,
22906,
22961,
22960,
22962,
22924,
22922,
22945,
22964,
22891,
22926,
22925
